3,11,32,-114,7,82,-87,14,226,-109,8,47,-79,14,17,-109,
7,2,28,-20,3,126,-109,11,162,-22,14,113,-39,14,78,-39,
8,3,227,-108,14,0,-61,11,15,-105,14,9,-61,11,92,-105,
2,7,105,-24,11,87,-30,14,180,-21,11,134,-30,
14,11,20,-107,2,43,-119,11,174,-107,
11,2,185,-52,3,201,-103,8,170,-114,2,223,-52,14,120,-87,
3,7,206,-116,14,14,-68,7,145,-116,14,254,-68,8,226,-111,2,10,-112,
7,2,170,-48,3,136,-60,14,120,-74,11,170,-103,
8,14,103,-74,7,127,-104,14,85,-74,2,166,-71,
2,14,118,-117,14,224,-117,7,69,-72,8,87,-43,11,156,-81,
14,7,41,-30,2,214,-35,3,113,-91,3,12,-91,11,192,-117,
11,7,5,-63,14,60,-107,8,106,-111,3,199,-112,2,85,-80,
3,2,163,-59,8,202,-38,14,56,-94,11,197,-100,7,146,-50,
7,14,165,-113,11,191,-90,8,150,-36,3,34,-110,2,79,-34,
8,11,202,-119,7,87,-48,11,84,-119,7,176,-48,11,96,-119,2,25,-82,
2,3,75,-79,8,208,-27,8,68,-27,
14,8,230,-35,7,19,-70,7,162,-70,2,210,-83,
11,7,217,-98,8,61,-20,14,67,-78,2,110,-53,3,236,-31,
3,2,186,-93,14,228,-33,11,32,-115,14,208,-33,
7,2,88,-37,3,238,-82,8,41,-106,11,79,-20,8,92,-106,
8,3,226,-88,7,253,-81,14,174,-65,3,11,-88,14,178,-65,3,146,-88,
2,8,91,-60,8,46,-60,14,179,-80,3,243,-39,
14,3,98,-64,11,108,-31,2,171,-67,11,164,-31,8,10,-58,
11,2,105,-80,3,12,-96,8,29,-25,14,44,-61,
3,14,89,-87,7,80,-100,8,155,-48,2,29,-24,
7,14,181,-66,14,7,-66,8,17,-49,
8,14,17,-41,11,202,-25,14,30,-41,2,127,-40,
2,7,93,-88,14,5,-51,3,122,-106,11,28,-80,3,122,-106,
14,3,7,-87,7,108,-67,8,238,-62,11,184,-23,2,94,-90,
11,2,215,-42,7,230,-45,14,228,-28,8,250,-106,3,136,-75,
3,11,212,-86,7,196,-26,8,206,-105,7,155,-26,2,191,-23,
7,8,216,-106,3,113,-75,2,79,-53,11,161,-43,2,137,-53,
8,14,225,-69,3,26,-79,7,245,-82,11,140,-114,3,211,-79,14,199,-69,
2,8,217,-35,11,223,-71,14,198,-110,14,37,-110,7,184,-77,
14,11,55,-88,2,49,-45,7,243,-40,8,137,-47,11,207,-88,
11,3,235,-79,7,104,-28,8,134,-110,14,64,-115,14,57,-115,2,60,-57,
